1.143551
1.1447332
1.1410832
1.1358559
1.1315706
1.1298401
1.1313079
1.1356412
1.1415847
1.1470361
1.1490636
1.1439507
1.1278767
1.0988639
1.0586403
1.0118187
0.96330977
0.91675311
0.87430475
0.83689649
0.8045119
0.7764361
0.75153442
0.72857609
0.70656041
0.68497661
0.66396247
0.6444061
0.62808799
0.61787826
0.6177104
0.63171839
0.66223961
0.70782687
0.76340294
0.82271676
0.88073316
0.93442098
0.98237538
1.0241515
1.0597492
1.0893323
1.1131385
1.1315084
1.1449818
1.154432
1.161225
1.1673424
1.1752823
1.187468
1.2050599
1.2265257
1.2469115
1.2591249
1.2572769
1.2394065
1.2073479
1.1648342
1.1158208
1.0636718
1.0109517
0.95947167
0.91038514
0.86424169
0.82098479
0.7799637
0.74011548
0.70043757
0.66059911
0.62126514
0.58389836
0.5503474
0.52266677
0.50323764
0.49494579
0.50104562
0.52430158
0.5653782
0.62150397
0.68691844
0.75501152
0.82033496
0.87929927
0.92986504
0.97100297
1.0023696
1.0242197
1.0373732
1.0431328
1.0431911
1.0395974
1.0347843
1.0315781
1.0330419
1.0419827
1.0601043
1.0869717
1.119072
1.1497741
1.1714829
1.1793159
1.1729903
1.1556248
1.1315128
1.1046439
1.0781369
1.0541302
1.0337759
1.0171986
1.0034287
0.99040732
0.97520848
0.95465457
0.9264518
0.89048844
0.84918667
0.80637163
0.76581658
0.73058001
0.70296756
0.68457168
0.67616612
0.67754706
0.68753878
0.70429679
0.72583998
0.75062197
0.77797939
0.80833608
0.84296897
0.8830414
0.92803675
0.97497068
1.0196809
1.0589429
1.0914456
1.1175435
1.1386063
1.1564245
1.1727537
1.1889899
1.2059799
1.2239729
1.2426825
1.2613715
1.2788094
1.2929431
1.3003604
1.2964555
1.2775586
1.2435922
1.1979277
1.1450456
1.0887488
1.0316226
0.97515683
0.92005448
0.8665468
0.81465804
0.76439176
0.71582835
0.66915085
0.62464249
0.58270762
0.54395087
0.50930512
0.48016268
0.45850643
0.44705096
0.44921581
0.46850196
0.50693032
0.56309938
0.631571
0.70460916
0.77492072
0.83738423
0.88928814
0.92976568
0.95910648
0.97824103
0.98844238
0.99119953
0.98820197
0.98139162
0.97305779
0.96592758
0.96312973
0.96784941
0.98257592
1.0080736
1.0423209
1.0799354
1.1134388
1.1367484
1.1479157
1.1487303
1.1427048
1.133486
1.1241118
1.1167522
1.1126164
1.1119028
1.1137865
1.1164658
1.1172397
1.1126216
1.0988176
1.0731735
1.0361403
0.99147996
0.94413232
0.89822048
0.85646026
0.82030342
0.79017343
0.76565548
0.74570605
0.72894173
0.71399695
0.69988392
0.68628185
0.67373558
0.66381853
0.65929419
0.66404677
0.68213461
0.71560685
0.76249113
0.8173326
0.87400652
0.92803078
0.97707299
1.0203796
1.0580388
1.0904514
1.1180495
1.1412051
1.1602632
1.1756541
1.1880523
1.1985572
1.2088117
1.220834
1.236221
1.2546607
1.2725572
1.2834667
1.2811711
1.2629673
1.2301201
1.1860726
1.1346565
1.0791929
1.0222533
0.96570519
0.91082606
0.85839836
0.80876009
0.76182458
0.7171387
0.67409557
0.63233446
0.59211519
0.55437302
0.52049869
0.49219046
0.4715591
0.46136277
0.46505586
0.48615394
0.52650815
0.58417731
0.65303439
0.72511012
0.79357523
0.85409301
0.90456479
0.94434302
0.97360846
0.99305793
1.0037786
1.0071761
1.0049287
0.99899792
0.9917013
0.98579842
0.98444644
0.99080795
1.0071915
1.0339047
1.0681911
1.1039638
1.1336338
1.1517163
1.1570325
1.1518943
1.1400694
1.1252985
1.1106325
1.098223
1.089257
1.0839033
1.0812651
1.0793793
1.0753011
1.065387
1.0461386
1.0158742
0.97616147
0.93115728
0.88547312
0.84275975
0.805441
0.77486706
0.75145186
0.73476568
0.72368667
0.71667969
0.71218435
0.70903715
0.70685171
0.70631867
0.70941288
0.71937746
0.73999575
0.77362221
0.81894057
0.87101331
0.92397182
0.97354093
1.017698
1.056106
1.0893158
1.1181683
1.1434549
1.1657851
1.1855947
1.2032397
1.2191366
1.2339169
1.2485098
1.2639291
1.2803902
1.2957884
1.3049573
1.3017606
1.282874
1.2491659
1.2040241
1.1512869
1.0942043
1.0352177
0.97606869
0.91796638
0.86172145
0.80783242
0.75653378
0.7078301
0.66156415
0.61758415
0.5760046
0.53740175
0.50280744
0.47363493
0.45175465
0.43972097
0.44091592
0.45914156
0.4970819
0.55385827
0.62376681
0.69820672
0.76924208
0.8316949
0.88314348
0.92302346
0.95178679
0.97040148
0.98013156
0.98245788
0.97905812
0.97183828
0.963023
0.95527335
0.9517169
0.95566919
0.96985284
0.99522837
1.0298455
1.0683457
1.1033316
1.1287742
1.1426059
1.1463809
1.1434037
1.1371941
1.1307206
1.1261107
1.1245499
1.1262419
1.130415
1.1353732
1.1385445
1.1365081
1.1253281
1.101934
1.0663039
1.0219975
0.97403901
0.92672021
0.88287746
0.84401523
0.81057501
0.78216849
0.75781735
0.73624765
0.71622757
0.69688816
0.67796411
0.6599465
0.6442163
0.63322537
0.63058762
0.64055417
0.66631385
0.70771875
0.76058595
0.81869367
0.87652182
0.93055355
0.97911461
1.0216913
1.0583263
1.0892531
1.1147432
1.1351011
1.1507484
1.1623596
1.1710288
1.1784259
1.186796
1.1985232
1.2150492
1.2353729
1.255063
1.2672253
1.2657473
1.2482673
1.2163134
1.1734732
1.1236648
1.0702686
1.0158901
0.96239717
0.91102139
0.86242959
0.81674216
0.7735398
0.73198379
0.69118424
0.65074847
0.61115133
0.57364345
0.539902
0.51184985
0.49176692
0.48249639
0.48739153
0.50954727
0.55012741
0.60669949
0.67336466
0.74299153
0.80959662
0.86928897
0.9199883
0.96079543
0.99155339
1.0126726
1.0250632
1.0300567
1.0293316
1.0248961
1.0191328
1.0148422
1.0151326
1.0229679
1.0403148
1.0670641
1.1000333
1.1328092
1.1577484
1.1696496
1.1678181
1.1550439
1.1354357
1.11292
1.0906256
1.0707314
1.0544376
1.0419151
1.0322374
1.0233688
1.0123249
0.99567541
0.97062257
0.93650086
0.89550751
0.8516567
0.80904259
0.77092361
0.73962163
0.7166132
0.70252223
0.69706279
0.69909877
0.70692476
0.71872854
0.73310867
0.74953223
0.76864726
0.79230474
0.82294357
0.86197814
0.90793893
0.95652964
1.0029689
1.0441211
1.0789544
1.1079647
1.1324317
1.1538367
1.1734809
1.192288
1.2107658
1.229087
1.2472184
1.2649984
1.2820193
1.2971149
1.3074437
1.3081818
1.2946187
1.26545
1.223265
1.1722941
1.1164076
1.0584025
1.0000558
0.94241348
0.88607682
0.8314123
0.77867375
0.72805716
0.67972189
0.63381651
0.59054675
0.55030431
0.51381632
0.48224092
0.45723743
0.44110788
0.4369351
0.44837389
0.47858448
0.52818242
0.59344436
0.66686147
0.74007054
0.80661933
0.86286129
0.9074499
0.94047679
0.96279764
0.97564599
0.9804679
0.97888424
0.97272014
0.96408411
0.95547804
0.94986111
0.95049916
0.96040402
0.98134827
1.0127114
1.050577
1.0880906
1.1181937
1.1370595
1.1449833
1.1448089
1.140099
1.1340807
1.1292145
1.1270426
1.128129
1.1320539
1.1374649
1.1421523
1.1430719
1.1364474
1.1185939
1.087946
1.0466745
0.99953922
0.95133688
0.90552952
0.86412865
0.82796161
0.79693263
0.77026303
0.74676927
0.72519137
0.70452432
0.68428215
0.664662
0.64665651
0.63220816
0.62439196
0.62728301
0.64486061
0.6788319
0.72688897
0.78345108
0.84237332
0.89907299
0.95098656
0.99704901
1.0370229
1.0710216
1.0992675
1.1220276
1.139661
1.1527291
1.1621426
1.1693268
1.1763228
1.1856066
1.19935
1.2180904
1.2393347
1.2572757
1.2648442
1.25725
1.2338906
1.1974131
1.1517299
1.100626
1.0471905
0.99372471
0.94182132
0.89245753
0.8460379
0.80239221
0.76081479
0.72030218
0.68005948
0.6400465
0.60115251
0.56491457
0.53317396
0.50801682
0.49195488
0.48806274
0.4996677
0.52919445
0.5763758
0.63723698
0.70522331
0.77366586
0.83754537
0.89380922
0.94087621
0.97809064
1.0054405
1.0234737
1.0332401
1.0362026
1.0341727
1.0293119
1.0241794
1.021723
1.025039
1.0367504
1.0580483
1.08762
1.1208613
1.1504583
1.1693249
1.1740543
1.1656736
1.1478304
1.1247476
1.1001052
1.0766728
1.0562477
1.0396326
1.0265743
1.0157051
1.0045926
0.99003987
0.9688355
0.93906035
0.90135257
0.85883592
0.81561627
0.77539163
0.74099553
0.71443751
0.69693699
0.68883622
0.68952992
0.69759177
0.71115314
0.72843143
0.74825326
0.7704573
0.79606487
0.82698041
0.8648497
0.90925134
0.95689092
1.003171
1.0445338
1.0794596
1.1081577
1.1318555
1.1521688
1.1706474
1.1884878
1.2064039
1.2246422
1.2430872
1.2613634
1.2787903
1.2940095
1.3042466
1.3049691
1.2915899
1.2626321
1.2205588
1.1696674
1.1139692
1.0563624
0.99864476
0.94180506
0.88633548
0.83248126
0.7804024
0.73025265
0.68220361
0.63645547
0.59327718
0.55310449
0.51667964
0.48517134
0.46027071
0.44433041
0.44047423
0.45233327
0.48292465
0.53264626
0.59767394
0.67063926
0.74342376
0.80972477
0.86590869
0.91057266
0.9437468
0.96624625
0.97928413
0.9842969
0.9829023
0.97693052
0.9685052
0.96015004
0.95483923
0.95582361
0.96605494
0.98721724
1.0186041
1.0562249
1.093168
1.1223698
1.1400742
1.1466871
1.1451489
1.1390834
1.1317508
1.1256314
1.1222809
1.1222697
1.1251683
1.1295889
1.1332588
1.1330656
1.1252211
1.1061665
1.0745886
1.0328613
0.9857713
0.93803534
0.89303335
0.8527294
0.81793004
0.78852524
0.76371135
0.74226116
0.72285557
0.70442864
0.68645262
0.66912535
0.65350246
0.64165964
0.63684631
0.64322916
0.66455457
0.70183268
0.75192564
0.80887905
0.86678094
0.92157114
0.97118748
1.0149295
1.0527919
1.0850253
1.111926
1.133795
1.1510008
1.1641043
1.1740211
1.1821904
1.1906463
1.201733
1.2171854
1.2366485
1.2564329
1.2699742
1.270767
1.2556728
1.2256197
1.183956
1.1346043
1.0810484
1.0260167
0.97149363
0.9188207
0.86878261
0.82164203
0.77714569
0.73460061
0.69316126
0.65233089
0.61238745
0.57440034
0.53992508
0.51078684
0.48915198
0.47774612
0.47989502
0.49892897
0.53661771
0.59127768
0.65739834
0.72765407
0.79555616
0.85675771
0.90892112
0.95105807
0.98299934
1.0051491
1.0183936
1.0240261
1.0236753
1.0192847
1.0131578
1.00802
1.0069623
1.0130672
1.0286114
1.0539872
1.0866449
1.1206918
1.1484621
1.1640903
1.1660606
1.1566404
1.1397684
1.1194105
1.0988194
1.0803229
1.0652786
1.0540259
1.0458186
1.038798
1.0301002
1.0162428
0.99405677
0.96221692
0.92235691
0.8783713
0.83456358
0.79444215
0.76049177
0.73427902
0.71649996
0.70696174
0.70464197
0.70793534
0.71507417
0.72462109
0.73592871
0.74949293
0.76710337
0.79151943
0.82518231
0.86808782
0.91676272
0.96599136
1.0115038
1.0511908
1.0848185
1.1132571
1.1378
1.1597065
1.1799541
1.1991666
1.2176712
1.2356242
1.2531302
1.2702558
1.2867606
1.3013075
1.3103894
1.3086216
1.2917627
1.2595935
1.2152971
1.1630345
1.1063555
1.0477798
0.98894262
0.93086927
0.87421094
0.81939775
0.76672006
0.71636584
0.66844721
0.62305193
0.580355
0.54078485
0.50515818
0.47472674
0.4512395
0.43711067
0.43555506
0.45029437
0.48429707
0.53754706
0.60541504
0.67977852
0.7523173
0.81707821
0.87097946
0.91309088
0.94374501
0.96391524
0.97489182
0.97815898
0.9753748
0.96840781
0.95942361
0.95099911
0.94617257
0.94824089
0.96010687
0.98320911
1.0163535
1.0549601
1.091868
1.1204476
1.1377025
1.1445417
1.1440216
1.1396592
1.1345268
1.1308934
1.1300971
1.1324992
1.1374952
1.1435816
1.1484225
1.1488472
1.1409876
1.1212998
1.0887531
1.0461172
0.99834716
0.95007726
0.90450976
0.86342019
0.8274429
0.7963359
0.76923426
0.74494308
0.72226805
0.70032882
0.67878974
0.65799316
0.63906246
0.62406688
0.61620186
0.61959574
0.63811564
0.67318195
0.72218977
0.7794392
0.83883937
0.89590204
0.9481105
0.99438836
1.0344523
1.0683635
1.096307
1.1185421
1.1354548
1.1476653
1.1561713
1.1625074
1.1688297
1.1777058
1.1913528
1.2103239
1.2321544
1.2510634
1.2599136
1.2537264
1.231709
1.1964231
1.1517947
1.1016673
1.049192
0.99671867
0.9458696
0.89762923
0.85238022
0.80989364
0.76937003
0.72969811
0.68999857
0.6502039
0.61123988
0.57471714
0.54254795
0.516859
0.50015859
0.49546876
0.50602751
0.53419402
0.57976762
0.63902572
0.70574584
0.77350007
0.83734564
0.89417195
0.94226015
0.98078063
1.0095482
1.0289705
1.0400058
1.044069
1.0429503
1.0388001
1.0341613
1.0319517
1.0352271
1.0465851
1.0672465
1.0960108
1.1284452
1.1573351
1.1754714
1.1791838
1.1693313
1.1495646
1.1242005
1.0970224
1.0708853
1.0476601
1.0282257
1.0124153
0.99895717
0.98552371
0.96904401
0.94645914
0.91597081
0.87819848
0.83610014
0.79359682
0.75428742
0.72101535
0.69589661
0.68032377
0.67482428
0.67892108
0.6912123
0.70975265
0.73261842
0.75845981
0.78689359
0.81860805
0.85494866
0.89672859
0.94270755
0.98936198
1.0326367
1.0698511
1.1002487
1.1245566
1.1443306
1.1614022
1.1774622
1.1937714
1.2110085
1.2292555
1.2480753
1.2665758
1.2832994
1.2958063
1.300221
1.2919215
1.2681591
1.2301008
1.1817292
1.1274472
1.0707006
1.0137117
0.95769116
0.90315852
0.85024637
0.79894576
0.74926834
0.70132115
0.65531886
0.61158206
0.5705717
0.53298474
0.4998873
0.47284403
0.45405696
0.44648572
0.45368412
0.47889174
0.52322796
0.58397048
0.65468768
0.72752622
0.79578289
0.8551262
0.90349449
0.94044379
0.96650224
0.98272587
0.99046023
0.991254
0.98686758
0.979341
0.97109512
0.96499882
0.9642544
0.971924
0.99006719
1.0186766
1.0546805
1.0917722
1.122485
1.1418781
1.1493536
1.1474718
1.1399215
1.1302123
1.1211293
1.1145509
1.1113764
1.1114831
1.1137315
1.1160255
1.1153937
1.108166
1.0907065
1.0611754
1.0211964
0.97518175
0.92795438
0.88319882
0.84320442
0.80907793
0.78096158
0.75821769
0.73965817
0.7238594
0.70953042
0.6958596
0.68277662
0.67113437
0.66287519
0.66116113
0.67009759
0.69335459
0.73177405
0.78200083
0.83801189
0.89407263
0.946455
0.99345708
1.0346983
1.0704319
1.101101
1.1271287
1.1488736
1.1666938
1.1810769
1.1928112
1.2031588
1.2139131
1.2270531
1.2436847
1.2624412
1.2785305
1.2851544
1.2770986
1.2532084
1.2157823
1.1685637
1.1152545
1.0589051
1.0018156
0.94562403
0.89142018
0.83982616
0.79103323
0.74482428
0.70067148
0.6580168
0.61669388
0.57721182
0.54068745
0.50861578
0.48281205
0.46558962
0.4599749
0.46957821
0.49758478
0.54470401
0.60737734
0.67841728
0.74994469
0.81595329
0.87298686
0.91956875
0.95542
0.98094566
0.99700509
1.0048147
1.0058843
1.0019898
0.9952089
0.98800996
0.98331437
0.98435451
0.99411383
1.0143261
1.0443074
1.0800577
1.1146082
1.1407111
1.1543463
1.1557957
1.1481083
1.1351517
1.1204526
1.1067427
1.0958265
1.0885252
1.0846238
1.082837
1.0808357
1.0753747
1.0627115
1.039749
1.0058536
0.96371058
0.91789723
0.87278924
0.83159984
0.79634538
0.76801968
0.74671259
0.73171693
0.72172557
0.71515554
0.71055518
0.70701377
0.70450909
0.70417277
0.70845098
0.72093455
0.74525561
0.78280374
0.83094355
0.88407192
0.93659947
0.98493518
1.0276378
1.0646958
1.0967716
1.1246897
1.1491712
1.1707538
1.1898319
1.2067695
1.2220513
1.2364319
1.2509679
1.2666433
1.2832443
1.2978246
1.3045877
1.2977579
1.2750891
1.2382924
1.1910153
1.1370006
1.0793052
1.0201951
0.96127938
0.90366836
0.84809389
0.79498282
0.74449779
0.6965746
0.65101501
0.60769435
0.56683313
0.52914143
0.49576275
0.46821802
0.44853015
0.43946171
0.44457435
0.46758195
0.51049673
0.57122558
0.64303746
0.71720118
0.78639727
0.84621383
0.89478929
0.93187187
0.95806307
0.97440576
0.98221472
0.98301621
0.97853842
0.97075663
0.96199509
0.95503733
0.95310169
0.95944579
0.97646038
1.0044623
1.0406321
1.0788588
1.1117289
1.1340751
1.1448825
1.1463407
1.1419329
1.1350981
1.1286181
1.124398
1.1233863
1.1255444
1.129863
1.1344157
1.1363993
1.1321946
1.1179117
1.0910934
1.0527339
1.007031
0.95896292
0.91245723
0.86998262
0.83275114
0.80097625
0.7740964
0.75102287
0.73044783
0.71118658
0.69248755
0.67425493
0.65719386
0.64295703
0.63432707
0.63519825
0.64974223
0.68038692
0.72574168
0.78071827
0.83905928
0.89579967
0.94805376
0.99459824
1.035169
1.06992
1.0991235
1.1230663
1.1420755
1.1566211
1.1674652
1.1758346
1.1835543
1.1929502
1.206225
1.2241836
1.2447468
1.2624406
1.2702301
1.2630794
1.2400927
1.2037344
1.157847
1.1062086
1.0519292
0.997344
0.94408991
0.89320475
0.84518321
0.79998535
0.75706332
0.71554567
0.67467444
0.63433041
0.59526162
0.55887092
0.52689579
0.50133837
0.48464319
0.47986617
0.49043596
0.51905745
0.56583439
0.62698483
0.69579239
0.76521121
0.82988815
0.88660956
0.9337948
0.97087887
0.99795643
1.0156523
1.0250521
1.0276219
1.0251525
1.0197702
1.0139978
1.0107704
1.0132325
1.0241421
1.0449032
1.0744637
1.1084743
1.1397468
1.1610747
1.1687442
1.1634688
1.1486895
1.1285389
1.1066838
1.0859192
1.0680813
1.0540148
1.0435107
1.0352478
1.0268242
1.0149991
0.99635118
0.96856724
0.93190521
0.88938632
0.84527875
0.80348849
0.76696008
0.73770179
0.71686652
0.70473
0.70067353
0.7033243
0.71090609
0.72172459
0.73466534
0.74960992
0.76768823
0.79118116
0.82265636
0.8630893
0.91020336
0.95920957
1.0054319
1.0461204
1.0805757
1.1094621
1.1340768
1.155813
1.1758325
1.194922
1.2134997
1.2317213
1.2496086
1.2671046
1.2839021
1.2988302
1.3088484
1.3088984
1.2943584
1.2642725
1.2214421
1.1700744
1.113922
1.0556814
0.99708309
0.93917669
0.88259751
0.8277518
0.77492009
0.72430291
0.67604326
0.63026236
0.58714457
0.54708326
0.51082922
0.479567
0.45497663
0.43938327
0.43590072
0.44820972
0.47944704
0.53009236
0.59617845
0.66998258
0.74309826
0.80918744
0.8647675
0.9086264
0.94093914
0.96260383
0.97487418
0.9792088
0.97723974
0.97080369
0.96202279
0.95341655
0.94796466
0.94894621
0.9593555
0.9808885
1.0127769
1.0509222
1.088377
1.118194
1.1367745
1.1445819
1.1445127
1.1401099
1.1345515
1.1302397
1.1286552
1.1303024
1.1347088
1.1404835
1.1453905
1.1463605
1.1395919
1.121414
1.090368
1.0487678
1.0014333
0.95313109
0.90726205
0.86577683
0.82944991
0.79814487
0.77106099
0.74701707
0.72478038
0.70339109
0.68241349
0.66208718
0.64343308
0.62840905
0.62009626
0.62256832
0.63980435
0.67353541
0.72150366
0.77816474
0.83736164
0.89445834
0.94682296
0.99332574
1.0336757
1.0679468
1.0963367
1.1191033
1.1366111
1.1494382
1.1585191
1.1653075
1.1718768
1.1807451
1.1941565
1.2127816
1.2343241
1.2531371
1.2620964
1.2561167
1.2342728
1.1990406
1.1543143
1.1039372
1.0510743
0.9980943
0.94664158
0.89772898
0.85178042
0.80862544
0.76753326
0.72744723
0.68749977
0.6475856
0.60856751
0.57199755
0.53974385
0.5138989
0.49694602
0.49190507
0.50206318
0.52989901
0.57535951
0.6347897
0.70189115
0.77007669
0.83426423
0.89127613
0.93939507
0.97783272
1.0064532
1.0257008
1.0365513
1.0404222
1.0390953
1.0347069
1.0297858
1.0272468
1.0301688
1.041207
1.0616694
1.0904583
1.1232379
1.1528377
1.1719995
1.1769329
1.1683722
1.1498843
1.1257481
1.099742
1.0747328
1.0526095
1.0342696
1.0195638
1.0072341
0.99495385
0.97961756
0.95806697
0.92834614
0.89094109
0.84879051
0.80589108
0.76592551
0.73177612
0.70554861
0.68859635
0.68140889
0.68349961
0.69349374
0.70949579
0.72963276
0.75259701
0.77805473
0.80680088
0.84043045
0.88020507
0.92537912
0.97260563
1.0175441
1.0570163
1.0898291
1.1164188
1.1381669
1.1568055
1.1739763
1.1909362
1.2084106
1.226588
1.2452109
1.2636625
1.2808969
1.2950428
1.3027691
1.299388
1.2810629
1.2475865
1.2022564
1.1495123
1.093137
1.0357163
0.97876343
0.9230315
0.8688251
0.81625042
0.76538023
0.71633342
0.66929444
0.62451718
0.58236019
0.54338108
0.50847102
0.47897796
0.45682572
0.44465892
0.44585283
0.46396801
0.50125814
0.5566571
0.62493069
0.69826982
0.76914427
0.8322206
0.88467695
0.92561539
0.95532963
0.97476072
0.98518749
0.98809766
0.9851714
0.97833098
0.9698347
0.96237341
0.95905547
0.96309586
0.97708921
1.0019761
1.0359597
1.0738724
1.1083003
1.1329864
1.1456958
1.1479988
1.1433052
1.1352409
1.1268611
1.1203676
1.1170083
1.1170278
1.1196604
1.1231813
1.1249783
1.1216322
1.1093043
1.0850895
1.0490722
1.0048046
0.95726042
0.91069634
0.86794414
0.83052994
0.7989258
0.772758
0.75102582
0.73238961
0.71552087
0.6994507
0.68384491
0.6691869
0.65692762
0.64965771
0.65112894
0.66553237
0.69552722
0.74001913
0.79407817
0.85145028
0.90714522
0.95830875
1.0038091
1.0435036
1.0776668
1.1066676
1.130848
1.1505392
1.166161
1.1783721
1.1882473
1.1974222
1.2080167
1.2220184
1.2399609
1.259396
1.2745631
1.2786217
1.2672695
1.2403824
1.2008173
1.1524373
1.098856
1.042979
0.98696346
0.93231482
0.87998921
0.83045397
0.78370623
0.73930723
0.69655438
0.65487263
0.61426981
0.57551411
0.53993958
0.50920251
0.48528317
0.4706955
0.46864113
0.48267764
0.51541688
0.56644395
0.63113817
0.70208124
0.77199489
0.83569959
0.89033634
0.93471023
0.96861726
0.99246468
1.0071191
1.0138272
1.0141494
1.009935
1.0033644
0.99703032
0.99395303
0.99733307
1.0098674
1.0326946
1.0642661
1.0996431
1.1313911
1.1527834
1.1609686
1.1572363
1.1451263
1.1285953
1.1110596
1.0950687
1.0822204
1.0731129
1.0672835
1.0631728
1.0581745
1.0488632
1.0316514
1.0041959
0.96700785
0.92352047
0.87828374
0.83525925
0.79727235
0.76608736
0.74253432
0.72656179
0.7173146
0.71334508
0.71297578
0.71474556
0.7178483
0.72249954
0.73018994
0.74370436
0.76649302
0.80086757
0.84576646
0.89658051
0.94768276
0.99497411
1.0366042
1.0724296
1.1032117
1.1299978
1.1537524
1.1752008
1.1948256
1.2129573
1.229908
1.2460996
1.2620972
1.2783322
1.2941832
1.306604
1.3100232
1.2992056
1.272639
1.2326342
1.1830931
1.1277118
1.0693359
1.0099706
0.95098406
0.89330126
0.83753793
0.78407807
0.73311655
0.68469409
0.63876543
0.59534797
0.55473452
0.51763916
0.48519839
0.45897047
0.44108158
0.43444126
0.44270793
0.46945285
0.51612605
0.57978258
0.65306198
0.72717647
0.79515885
0.85303106
0.89928332
0.93391883
0.95772408
0.97187395
0.97777177
0.97700323
0.97134649
0.96283619
0.95387552
0.94733637
0.94648766
0.95451763
0.97355889
1.0034772
1.040889
1.0792846
1.1114211
1.1328228
1.1431439
1.1448825
1.1415226
1.1363539
1.1319565
1.1300151
1.1312517
1.1354151
1.1413254
1.1469463
1.149402
1.1450077
1.1298822
1.1018268
1.0622959
1.01578
0.96723836
0.92041921
0.87758143
0.83973997
0.80694377
0.77852506
0.75337363
0.73025654
0.70814516
0.68648211
0.66534883
0.64557063
0.62885413
0.61798447
0.61683211
0.62957462
0.65877505
0.70331921
0.75834881
0.81760139
0.87589047
0.93002505
0.97849093
1.0207857
1.0568849
1.0869441
1.1111947
1.1299662
1.1437784
1.1534737
1.1603763
1.1664219
1.1740852
1.1858367
1.2029984
1.2243088
1.2450857
1.2583023
1.257827
1.2413284
1.2103839
1.168643
1.120086
1.0681421
1.0154442
0.96386424
0.91460839
0.86827563
0.82485814
0.78374682
0.74389342
0.70426141
0.66444222
0.62502006
0.58741127
0.55344833
0.52516991
0.50492242
0.49554563
0.50027925
0.52197797
0.5615469
0.61652381
0.68134548
0.74939702
0.81509554
0.87470007
0.92605833
0.96806492
1.0003155
1.0230074
1.0369103
1.0432871
1.043799
1.0404645
1.0356818
1.032246
1.0332114
1.0414327
1.0587436
1.084931
1.1167692
1.147848
1.170513
1.1795266
1.1742234
1.1575238
1.1336982
1.1067982
1.0800276
1.0556101
1.0347844
1.0177674
1.003687
0.99057599
0.9755704
0.95548531
0.92790811
0.89251307
0.85153157
0.80872349
0.7678969
0.73217391
0.70392356
0.68480778
0.67568532
0.67644565
0.68599003
0.70250887
0.72400302
0.74886111
0.77632284
0.80670632
0.84121611
0.88104134
0.9258152
0.97271806
1.0176206
1.0572056
1.0900423
1.1163995
1.1376054
1.1554466
1.1717041
1.1878179
1.2046841
1.2225937
1.2412859
1.260033
1.2776135
1.2920082
1.2998754
1.296647
1.2785425
1.2452764
1.2000959
1.1474847
1.0913083
1.0342193
0.97775765
0.92265516
0.8691524
0.81726856
0.76699536
0.71840192
0.67166476
0.62706497
0.58500481
0.54608139
0.5112119
0.48176629
0.45969888
0.44769076
0.44913696
0.46755832
0.50508023
0.5604821
0.62849527
0.70144661
0.77199017
0.83489575
0.88734513
0.92839279
0.95827935
0.97790788
0.98853615
0.99164252
0.98890579
0.98225438
0.97395979
0.96672879
0.96367609
0.96799591
0.9822274
1.0072352
1.0411451
1.0787221
1.112516
1.1362937
1.1478998
1.1489975
1.1430679
1.1337795
1.124211
1.1165789
1.1121422
1.1111495
1.1128238
1.1154052
1.1162283
1.1118348
1.0984274
1.0732678
1.0366529
0.9922329
0.94494212
0.89895746
0.85705598
0.8207429
0.79048701
0.76590959
0.74598942
0.72934706
0.71460109
0.70073177
0.68737731
0.67503881
0.66524496
0.66071401
0.66529772
0.68307039
0.71617049
0.76274403
0.81739902
0.8739959
0.92800536
0.97705717
1.0203812
1.0580656
1.0905194
1.118185
1.1414413
1.1606342
1.1761866
1.1887571
1.1994199
1.2097877
1.221854
1.2372122
1.2555745
1.273382
1.2842147
1.2818553
1.263592
1.2306848
1.1865736
1.1350868
1.0795406
1.0225027
0.96583771
0.91082296
0.85824378
0.80844545
0.76135387
0.71653204
0.67338694
0.63156219
0.59131094
0.55355619
0.51967684
0.49136176
0.47071462
0.46048945
0.46414312
0.48520561
0.52555398
0.58326754
0.65221197
0.7243849
0.79292262
0.85347023
0.90392836
0.94365985
0.97285943
0.99223588
1.002884
1.0062126
1.0039007
0.99790792
0.99054961
0.9845835
0.98316809
0.98947288
1.005819
1.0325298
1.0668653
1.1027527
1.1326074
1.1509363
1.156543
1.1517204
1.1402215
1.125778
1.1114356
1.0993429
1.0906845
1.0856274
1.0832757
1.0816712
1.0778752
1.0682422
1.0492495
1.0191707
0.97953815
0.93450733
0.88870949
0.84581334
0.80824964
0.77736615
0.75357068
0.73642929
0.72482156
0.71722001
0.71207578
0.70823684
0.70532313
0.70402192
0.70629568
0.71538253
0.7351108
0.76797265
0.81283817
0.86486791
0.91813915
0.96824088
1.0130192
1.0520439
1.0858087
1.1151233
1.1407645
1.1633373
1.1832779
1.2009454
1.2167617
1.2313689
1.2457262
1.2609265
1.2773623
1.293209
1.3035198
1.3020429
1.2850186
1.2529083
1.208928
1.1569289
1.1002491
1.0414276
0.98228883
0.92410488
0.86773217
0.8137008
0.76226485
0.71343592
0.66704751
0.6229183
0.58111769
0.54217803
0.50709933
0.47726309
0.45448658
0.44124239
0.4408296
0.45705328
0.49282096
0.54772992
0.61655598
0.6908524
0.76249486
0.82600024
0.87869517
0.9198559
0.94984324
0.9695714
0.98026859
0.98338906
0.98058674
0.9737393
0.9650318
0.95707461
0.95295107
0.95598282
0.96900306
0.99321214
1.0270044
1.0653539
1.1009321
1.1273933
1.1422187
1.1466683
1.1439587
1.1376461
1.130786
1.1256103
1.1234153
1.1245167
1.1282477
1.1330041
1.1362955
1.1347745
1.1245206
1.1022962
1.0677203
1.0240631
0.97631367
0.92888481
0.88475867
0.84556584
0.81185085
0.78330394
0.75899319
0.73765098
0.71801028
0.69913432
0.68067336
0.66303085
0.64749909
0.6364363
0.63337463
0.64256076
0.66733357
0.70781958
0.76005906
0.81786936
0.87563597
0.9297307
0.97841091
1.0211404
1.0579678
1.0891425
1.114948
1.135688
1.151766
1.1638204
1.1728916
1.1805838
1.1890818
1.2007497
1.2170768
1.2371704
1.2567153
1.2688671
1.2674718
1.2500845
1.2181701
1.1752861
1.1253429
1.0717234
1.0170397
0.96316968
0.91135884
0.86229526
0.81613202
0.77249414
0.73058831
0.68955053
0.64897977
0.60931511
0.57176522
0.53797273
0.50983345
0.48960507
0.480118
0.48473865
0.50662282
0.54703838
0.60363704
0.6705094
0.74042576
0.80729172
0.86714941
0.91790452
0.95867931
0.98935052
1.0103571
1.0226253
1.0274919
1.0266323
1.0220458
1.0161044
1.0116012
1.0116504
1.019245
1.0364051
1.0630912
1.0961967
1.1293634
1.1549441
1.1676682
1.1667486
1.1549022
1.1361979
1.1145489
1.0930858
1.0739961
1.0584898
1.0467486
1.0378582
1.0297948
1.0195742
1.0037278
0.97936024
0.9456789
0.90481074
0.8607935
0.81778598
0.77909384
0.74705094
0.7231194
0.70790055
0.70109587
0.70157618
0.70765907
0.71755985
0.72989837
0.74415384
0.76098866
0.78231148
0.81074666
0.84808518
0.89328347
0.94219575
0.98981366
1.0326141
1.0692282
1.0999276
1.1258595
1.1484341
1.1689244
1.1882595
1.2069816
1.2253236
1.2433395
1.260999
1.2781193
1.2939314
1.3061552
1.3103149
1.3012154
1.2763995
1.2375657
1.1887089
1.1338683
1.076123
1.0175121
0.95928844
0.90220426
0.8467281
0.7931754
0.74177111
0.69267622
0.64601428
0.60193506
0.56074086
0.5230447
0.48987449
0.46272553
0.44367657
0.43556258
0.44193599
0.46632055
0.51038934
0.57181052
0.6439044
0.71811732
0.78719698
0.846685
0.89467688
0.93095278
0.95621332
0.97161368
0.97854865
0.97858873
0.97349241
0.96527023
0.95629078
0.94937533
0.94773973
0.95457391
0.97215893
1.0007136
1.0373495
1.0759119
1.109018
1.131646
1.1429537
1.1452207
1.1419216
1.1364318
1.1314498
1.1287878
1.1292947
1.1328354
1.1383305
1.1438333
1.1465664
1.1429442
1.1290695
1.1024422
1.0640463
1.0181251
0.96969951
0.92269827
0.87955186
0.84141288
0.80843545
0.78002123
0.75508579
0.73237503
0.71079928
0.68971692
0.66911896
0.64974022
0.6331897
0.62214468
0.62039539
0.63215652
0.66020775
0.70374549
0.75811351
0.81704975
0.87525668
0.92943718
0.97802138
1.0204954
1.0568467
1.0872457
1.1119291
1.1312147
1.145591
1.1558499
1.1632462
1.1696365
1.1774323
1.1890927
1.2060006
1.2270081
1.2475442
1.2606311
1.2601044
1.2435602
1.2125153
1.1705857
1.1217401
1.0694074
1.0162265
0.96407941
0.91418868
0.86718078
0.82309249
0.78137543
0.74104275
0.70109325
0.66110972
0.62163173
0.58402049
0.55006148
0.52175842
0.50143456
0.4919253
0.49650207
0.51810194
0.5577384
0.61300292
0.67826745
0.74677104
0.81279603
0.87253339
0.92383166
0.96563138
0.99758989
1.0199581
1.0335393
1.0396107
1.0398342
1.0362207
1.0311594
1.0274425
1.028139
1.036142
1.0533423
1.0795884
1.1117078
1.1433194
1.1667616
1.1767549
1.1725708
1.1570645
1.1344577
1.1087765
1.0832169
1.0600043
1.0403811
1.0245659
1.0116849
0.99976159
0.98590132
0.96684382
0.94005123
0.90507814
0.86412628
0.82102113
0.77965664
0.74320158
0.71401897
0.69372536
0.68312165
0.68205853
0.68943843
0.70349034
0.72227126
0.7442267
0.76865746
0.79598058
0.82760669
0.86511068
0.90862586
0.95563648
1.0018666
1.0435434
1.0787704
1.1074828
1.1308025
1.1503927
1.1679632
1.1849259
1.2021968
1.2201453
1.2386607
1.2572557
1.2750724
1.2906137
1.3011378
1.3023091
1.2896053
1.2613344
1.2197604
1.1691879
1.1137511
1.0564698
0.99920916
0.94295844
0.88815361
0.83495242
0.78343018
0.73368725
0.68588502
0.64024988
0.59709322
0.55688463
0.5203783
0.48874422
0.46368172
0.44755933
0.44351062
0.45514878
0.48543225
0.53470069
0.59917109
0.67164287
0.7441716
0.81051449
0.86698458
0.9120811
0.94574648
0.96873782
0.98223622
0.98766116
0.98662081
0.98094121
0.97274666
0.96456396
0.9593668
0.96039387
0.97057326
0.99157228
1.0226981
1.0599979
1.0965706
1.1252956
1.1423444
1.1481057
1.1455547
1.1383673
1.1298528
1.1225362
1.1180155
1.1168997
1.1187843
1.1222824
1.1250963
1.1240834
1.115464
1.0957601
1.0637735
1.0219344
0.97500856
0.92766932
0.88327334
0.84378824
0.81004002
0.78193681
0.75867534
0.73900148
0.721543
0.7051672
0.68928776
0.67407667
0.66061529
0.65106018
0.64876652
0.65792774
0.68205841
0.7216154
0.77289031
0.8297547
0.88655027
0.93963562
0.98732382
1.0291821
1.0653769
1.0962614
1.1221894
1.1434866
1.1605256
1.1738593
1.1843923
1.1935492
1.2033136
1.215848
1.2324218
1.2518437
1.2694802
1.2784737
1.2732005
1.2519808
1.2167891
1.1713094
1.1193401
1.0640749
1.0079468
0.95269429
0.89947048
0.84892146
0.80121708
0.7560677
0.71282955
0.67081793
0.62977767
0.59020016
0.55324632
0.52047096
0.49371801
0.47527376
0.46808227
0.47565665
0.501181
0.5456119
0.60589847
0.67536545
0.74637082
0.81284569
0.87111372
0.91944065
0.95730464
0.9849026
1.0029335
1.0125063
1.015068
1.0123577
1.0064225
0.99969165
0.99503421
0.99563626
1.0044904
1.0234544
1.0521103
1.0868092
1.1207893
1.146596
1.1597055
1.1600101
1.1504618
1.1350249
1.1173857
1.100439
1.0861482
1.0754967
1.0684296
1.0638015
1.0593862
1.0520211
1.0380632
1.0145032
0.98066105
0.9390163
0.89394547
0.84974774
0.80967931
0.7758856
0.749543
0.73093171
0.71948611
0.71394635
0.71266851
0.71405149
0.71698976
0.72127401
0.7278939
0.73917067
0.75843337
0.78866442
0.8301935
0.87950885
0.93100398
0.97986405
1.0234683
1.0611678
1.0934962
1.1214647
1.1461053
1.1682434
1.1884453
1.2070814
1.2244499
1.2409122
1.2569746
1.2731547
1.289317
1.3033628
1.3104192
1.3046994
1.2832385
1.247272
1.2004355
1.1466217
1.0889791
1.0297698
0.97054331
0.91234806
0.85588731
0.80161449
0.7497852
0.70049085
0.65370919
0.60942011
0.56780357
0.52942486
0.49528141
0.46678145
0.44583723
0.43507992
0.43795804
0.4582367
0.49835381
0.55699397
0.62805656
0.70280967
0.77343093
0.8349451
0.88512298
0.92356151
0.95084716
0.96805427
0.97652057
0.97777321
0.97352244
0.96570726
0.95659461
0.94889541
0.94577446
0.95053185
0.96578293
0.99228076
1.0277945
1.0667171
1.1016501
1.1268854
1.1407483
1.1450091
1.1429944
1.1381403
1.133293
1.1304448
1.1306411
1.1339513
1.1394964
1.1455197
1.1494299
1.1477931
1.136651
1.1129682
1.0768797
1.0321156
0.98374968
0.93601907
0.8916624
0.8520762
0.81760289
0.78778524
0.76162756
0.73790208
0.71548036
0.69362674
0.67219835
0.6517609
0.63370466
0.62043131
0.61547816
0.62307938
0.64660848
0.6863435
0.73852293
0.79703344
0.85613331
0.91194664
0.96245909
1.006892
1.0451001
1.0771951
1.1033834
1.1239536
1.1393494
1.1502893
1.1579188
1.1639626
1.1707478
1.1808498
1.1961441
1.2164036
1.2381203
1.2547894
1.2595491
1.2485895
1.2222997
1.1838498
1.1372516
1.0861768
1.0335378
0.98145799
0.93136296
0.88405672
0.83973942
0.79799768
0.75789333
0.71831291
0.67856597
0.63888835
0.60045914
0.56501308
0.53452307
0.5112084
0.49772705
0.49722428
0.51282564
0.54630109
0.5964265
0.65854708
0.72614822
0.79314025
0.85514526
0.90952479
0.95486171
0.99052389
1.0164973
1.0333551
1.0421992
1.0445607
1.042335
1.0377854
1.033574
1.0326974
1.0381525
1.0522313
1.0755425
1.1059825
1.1381513
1.1644484
1.1784073
1.177754
1.1644208
1.1424476
1.1160767
1.0888365
1.0632918
1.0410232
1.0226079
1.0075573
0.99427525
0.9801684
0.96207248
0.93716604
0.90429081
0.86484555
0.82223689
0.78037854
0.74265263
0.71167895
0.68937046
0.67688915
0.67447932
0.68137023
0.69594533
0.71619861
0.74031731
0.76719993
0.79677737
0.82998975
0.86815197
0.91156252
0.95819483
1.0041349
1.045625
1.080603
1.1088514
1.1314297
1.1500391
1.1665154
1.1824506
1.1989427
1.2164846
1.2349823
1.2538408
1.2719921
1.2876981
1.2980657
1.2988035
1.2855695
1.2568162
1.2148829
1.1641298
1.1087374
1.0517515
0.99503332
0.93953053
0.88559941
0.83329442
0.78259077
0.73352006
0.68622223
0.64094745
0.59805988
0.55808932
0.52184258
0.49053832
0.46593701
0.45048577
0.44738698
0.46023792
0.49179979
0.5420456
0.60688517
0.67911377
0.75104059
0.8167
0.87256417
0.91717828
0.95047475
0.97318849
0.98648536
0.99178012
0.99068629
0.98504682
0.97701651
0.96916276
0.96449225
0.96623314
0.97722342
0.99895625
1.0305036
1.0676591
1.1033692
1.1306083
1.1458398
1.1497382
1.1454451
1.136695
1.1267974
1.1182524
1.1126243
1.1104803
1.1113594
1.1137962
1.1153926
1.1129099
1.1025622
1.0810816
1.0476851
1.0051383
0.95824926
0.91155217
0.86825543
0.83022914
0.79824159
0.77215772
0.7511282
0.73384542
0.71888285
0.70506648
0.69180027
0.67929966
0.66876271
0.66253798
0.66417952
0.67786416
0.70655779
0.74966485
0.80259246
0.8591088
0.91409219
0.96458924
1.0094604
1.0486256
1.0824527
1.111401
1.1358751
1.1562244
1.1728333
1.1862682
1.1974554
1.2078355
1.2193196
1.2337173
1.2514193
1.2698347
1.2831264
1.284645
1.2705578
1.2411918
1.1996117
1.1496645
1.0948407
1.0379041
0.98089188
0.92522506
0.87181407
0.82112362
0.7731987
0.72770087
0.68406051
0.64182229
0.60105229
0.56250032
0.52743619
0.49745732
0.47452853
0.46120677
0.46078557
0.47690672
0.51212885
0.56571414
0.63251617
0.70468004
0.774788
0.83777539
0.89101345
0.93355927
0.96544228
0.98726403
1.000033
1.0050846
1.0040291
0.99874553
0.99144338
0.98475634
0.98175652
0.98568022
0.99918972
1.0232666
1.0560773
1.0923762
1.1246669
1.1465627
1.1556832
1.1535705
1.1437573
1.1300644
1.1157461
1.1031941
1.0938511
1.0881571
1.0855006
1.0842047
1.0815817
1.0741264
1.0581372
1.0311849
0.99385536
0.94978878
0.90370178
0.85959959
0.82024066
0.78724247
0.76124709
0.74202817
0.72862541
0.71959069
0.71334998
0.70861783
0.704785
0.70223111
0.70255682
0.70867706
0.72441786
0.75297198
0.79448102
0.84503959
0.89869452
0.95037164
0.99721237
1.0383119
1.0739274
1.1047936
1.1316993
1.1552926
1.1760474
1.1943328
1.2105423
1.2252523
1.2393571
1.2540142
1.2700573
1.2866347
1.2998405
1.3034422
1.2923765
1.2656124
1.2256236
1.1762131
1.1209733
1.062745
1.0036085
0.94503148
0.88801756
0.83321062
0.78095659
0.73133842
0.68422315
0.63938915
0.59677383
0.55673417
0.52012304
0.48819821
0.46260602
0.44555549
0.440046
0.44979174
0.4782652
0.52653832
0.59112929
0.66439289
0.73772594
0.804591
0.86137905
0.90676857
0.94079596
0.96420142
0.97810377
0.98387416
0.98309116
0.97754373
0.96929244
0.96078111
0.95492838
0.95502387
0.96419094
0.9843597
1.0150519
1.0524661
1.0898111
1.1199457
1.1388085
1.1464668
1.145664
1.1399803
1.1327188
1.1264376
1.1227874
1.1224493
1.1251145
1.1295104
1.133456
1.133895
1.1270329
1.1091744
1.078714
1.0377326
0.99091303
0.94304056
0.89762157
0.85674148
0.82131042
0.79130489
0.76598751
0.74416823
0.72452706
0.7059571
0.68785855
0.67034094
0.65436464
0.64190291
0.6361041
0.64109368
0.6607569
0.69647639
0.74552597
0.80211292
0.8602019
0.91550301
0.96576249
1.0101662
1.0486583
1.0814751
1.1089127
1.1312699
1.1489026
1.1623449
1.1724694
1.1806618
1.1889088
1.199564
1.2145003
1.2336704
1.2537744
1.2684571
1.2710081
1.2578087
1.2293848
1.188916
1.1403283
1.0871814
1.032293
0.97772825
0.92489718
0.87464451
0.82728853
0.7826261
0.73999465
0.698534
0.65767693
0.61760612
0.57932116
0.54434638
0.51448418
0.49185502
0.47911175
0.47952021
0.49646028
0.53197066
0.58482427
0.64989951
0.7199596
0.788343
0.8504539
0.90375304
0.94711956
0.98029481
1.0036119
1.0178975
1.0243984
1.0247062
1.0207274
1.0147213
1.009364
1.0077133
1.0128807
1.0272806
1.0515735
1.0835871
1.1177808
1.1465288
1.1635737
1.1668743
1.1583714
1.1419226
1.1215509
1.1006127
1.0815484
1.0658314
1.0539243
1.0452108
1.03796
1.0294137
1.0161337
0.99486188
0.96400394
0.92486253
0.8811567
0.83721127
0.79664007
0.76203945
0.73508296
0.71657742
0.70644074
0.70374094
0.70691828
0.71419188
0.72405296
0.73573466
0.74958125
0.76722533
0.79132574
0.82438775
0.86667521
0.91499755
0.96420948
1.0099212
1.0498656
1.0837016
1.1122558
1.1368268
1.1587079
1.17892
1.1981231
1.2166628
1.2346921
1.2522943
1.2695069
1.2860789
1.3007265
1.3100678
1.3087898
1.2925371
1.2609026
1.2169797
1.1649446
1.1083977
1.0499018
0.99111484
0.93306901
0.87641316
0.8215737
0.7688406
0.71840634
0.67039123
0.62489081
0.58208072
0.54237855
0.50658321
0.47592878
0.45214544
0.43762264
0.4355478
0.44963367
0.48289957
0.53546865
0.60288778
0.67713076
0.74984339
0.81496612
0.86931258
0.91188154
0.94296687
0.96352383
0.97483378
0.97837441
0.97579703
0.96896161
0.96002187
0.95153907
0.94653587
0.94830568
0.95977849
0.98246483
1.0152863
1.0537898
1.0908651
1.1197923
1.137415
1.1445269
1.1441443
1.1397911
1.1345676
1.1307776
1.1297964
1.1320226
1.1368864
1.1429142
1.1477977
1.1483941
1.1408522
1.1215884
1.0894512
1.0470892
0.99942599
0.95113429
0.9054702
0.86425581
0.82816229
0.79697518
0.76984631
0.74558448
0.72298579
0.70114978
0.67971522
0.65899755
0.64009202
0.62503594
0.61699142
0.62007151
0.63817862
0.67282887
0.72152381
0.77861051
0.83797601
0.89508365
0.94737732
0.99375982
1.0339414
1.0679835
1.0960729
1.1184675
1.1355471
1.1479206
1.1565688
1.1630044
1.1693617
1.1781977
1.1917444
1.2106013
1.2323705
1.2513241
1.2603238
1.2543344
1.2324963
1.1973314
1.1527544
1.1026138
1.0500713
0.99748807
0.94649745
0.89809545
0.85267885
0.81003632
0.76938678
0.72963046
0.68988486
0.65006521
0.61107605
0.57451191
0.54227443
0.51648093
0.49963022
0.49473949
0.50505841
0.53298618
0.57838298
0.63757171
0.70432826
0.77218497
0.83615366
0.89309436
0.94127783
0.9798757
1.0087068
1.0281805
1.0392536
1.0433375
1.0422176
1.0380376
1.033334
1.0310209
1.0341596
1.0453679
1.0659019
1.0946093
1.1271089
1.1562114
1.1746794
1.1787741
1.1692923
1.1498524
1.1247649
1.09782
1.0718845
1.0488428
1.0295871
1.0139644
1.0007163
0.98752442
0.97131497
0.9490036
0.91874233
0.88109934
0.83901238
0.7964157
0.75693108
0.72341675
0.69799318
0.68205238
0.67612334
0.67973692
0.69150438
0.70949339
0.7317877
0.75703868
0.7848634
0.81596348
0.8517339
0.89308979
0.93890867
0.98571039
1.0293734
1.0671014
1.0980371
1.1228418
1.1430332
1.1604237
1.1766977
1.1931207
1.2103869
1.2286059
1.2473824
1.2658867
1.282753
1.2956672
1.3008651
1.293685
1.2711161
1.2340299
1.1862811
1.1322964
1.0756019
1.0185009
0.96226961
0.90747671
0.85428977
0.80272185
0.75279497
0.70461634
0.65839251
0.61442865
0.57316274
0.53526045
0.50174834
0.4741416
0.45457929
0.44595331
0.45178933
0.47542156
0.51824324
0.57789356
0.64816922
0.72119159
0.79006481
0.85024426
0.89951193
0.93733168
0.96418404
0.98110126
0.98941438
0.99065801
0.98657373
0.97917412
0.97084313
0.96441162
0.96306706
0.96991619
0.98714913
1.0149786
1.0506185
1.0879924
1.1195968
1.1401697
1.1487641
1.1477487
1.1407699
1.1313719
1.1224021
1.115812
1.1125785
1.1126607
1.1150018
1.1175872
1.1175226
1.1111826
1.0948607
1.0664557
1.0272629
0.98154597
0.93418555
0.88899381
0.84837377
0.81351987
0.78464434
0.76116557
0.74193397
0.72554051
0.7106813
0.69650526
0.68287919
0.67056968
0.66140666
0.65842951
0.66569126
0.68703074
0.72373161
0.77290331
0.82867734
0.88514758
0.93830432
0.98621407
1.0283546
1.0649088
1.0962929
1.1229234
1.145157
1.1633458
1.1779611
1.1897607
1.1999655
1.2103427
1.2229291
1.2390717
1.2578614
1.2749844
1.2837202
1.278357
1.2570596
1.221703
1.1759266
1.1235074
1.0676248
1.0107041
0.95448689
0.90014507
0.84836696
0.79939846
0.75306251
0.70884041
0.66613028
0.62467138
0.58487259
0.54778939
0.51488586
0.48793307
0.46915734
0.46146794
0.46841137
0.4933305
0.53744961
0.59791676
0.66799269
0.73975475
0.80685079
0.86545434
0.91381921
0.95149506
0.97877301
0.99642743
1.0056099
1.007781
1.0046729
0.99831202
0.99110059
0.98589006
0.98588333
0.99414903
1.0126811
1.0412377
1.0763582
1.1114165
1.1389456
1.1542547
1.1570173
1.150009
1.1370905
1.1219024
1.1073275
1.0953304
1.0869004
1.0819966
1.0795058
1.0772544
1.0721209
1.0604006
1.0388245
1.0063241
0.96513611
0.91967833
0.87442457
0.83276651
0.79689547
0.76796848
0.74622729
0.73109026
0.72132446
0.71535052
0.7116461
0.70916786
0.70772051
0.70824229
0.71298415
0.72538905
0.74910594
0.78579111
0.83317196
0.88582702
0.93811591
0.98631365
1.0288821
1.0657787
1.0976851
1.1254699
1.1499009
1.1715506
1.1908282
1.2080867
1.2237696
1.238556
1.2533986
1.2691802
1.2856394
1.2998555
1.3060963
1.2986613
1.2753947
1.2380903
1.1904369
1.1361735
1.0783245
1.0191142
0.96011239
0.90240021
0.84669255
0.79341325
0.74273696
0.69462608
0.64891672
0.60551153
0.56463876
0.52699985
0.49372702
0.46633751
0.44686086
0.43807419
0.44355256
0.4670033
0.51038975
0.57152928
0.64360502
0.7178498
0.78695911
0.8465602
0.89483477
0.93157129
0.95740609
0.97340899
0.98091274
0.98145441
0.97676929
0.96883929
0.95999689
0.95303545
0.95118079
0.95768759
0.97492495
1.0031669
1.0395375
1.0778849
1.110815
1.1332387
1.1442138
1.1459583
1.1419457
1.1355884
1.129637
1.1259638
1.125484
1.1281292
1.1328689
1.13777
1.1400323
1.1360376
1.1218842
1.0951051
1.0567078
1.010915
0.96271687
0.9160358
0.87332382
0.83577088
0.80356928
0.77614475
0.75241039
0.73107709
0.71099246
0.6914419
0.67235893
0.65445969
0.63938475
0.62988543
0.62982601
0.64339825
0.67315545
0.71790932
0.77271334
0.83129836
0.88857776
0.94152143
0.98878659
1.0300241
1.0653317
1.0949475
1.1191413
1.1382364
1.1527089
1.1633313
1.1713416
1.1785795
1.187407
1.2001268
1.2177613
1.2385691
1.2573799
1.2671318
1.2623526
1.2416192
1.2070899
1.1625497
1.1118534
1.0582256
1.0041077
0.95122147
0.90066839
0.85298767
0.80816379
0.7656452
0.72451624
0.68393206
0.6436722
0.60441845
0.5675637
0.53486065
0.5083056
0.49029289
0.48379653
0.49219594
0.51830189
0.56257418
0.62173257
0.68942455
0.75866578
0.82394431
0.88182241
0.93051445
0.96928259
0.99807261
1.0173858
1.028217
1.031972
1.0303989
1.0255837
1.0200006
1.0165338
1.0183059
1.0281344
1.0476133
1.0760268
1.1094432
1.1409193
1.1630247
1.1714741
1.1665064
1.1513939
1.1303181
1.1070754
1.0846014
1.0648703
1.0488693
1.0365423
1.0267243
1.0171578
1.0047155
0.98602096
0.95866323
0.92263526
0.88067309
0.83690941
0.79526479
0.75877466
0.72957953
0.70899769
0.69748432
0.69457335
0.69897405
0.70890087
0.72256646
0.73870087
0.75698579
0.77831182
0.80467174
0.8383013
0.87988197
0.92703343
0.97512186
1.0197776
1.0585547
1.0909871
1.1179097
1.1407541
1.1610251
1.1799685
1.1984111
1.2167538
1.2350694
1.2532269
1.2709269
1.2874824
1.301167
1.3083673
1.3039864
1.2843183
1.2496713
1.203572
1.1503085
1.0933983
1.0352317
0.9772575
0.92029289
0.86479427
0.81104391
0.75925135
0.70959382
0.66223248
0.61734445
0.57520558
0.53632911
0.50160288
0.47237267
0.45053734
0.43870853
0.44025782
0.45881733
0.49678317
0.55315656
0.62251011
0.69665645
0.76779718
0.83058781
0.88236625
0.9224255
0.95120409
0.96972879
0.97932318
0.98149974
0.9779524
0.97060698
0.96171675
0.95396654
0.95047302
0.9544874
0.9686539
0.99392718
1.0284571
1.0670049
1.1021838
1.1278771
1.1419586
1.1459871
1.1432864
1.1373839
1.131245
1.1269886
1.1257836
1.1278096
1.1322702
1.1374605
1.140829
1.1390002
1.1280745
1.104953
1.0695225
1.025284
0.97727598
0.92982713
0.88579497
0.84668716
0.81293923
0.78415568
0.75935579
0.73727257
0.71669227
0.69677163
0.67726847
0.65868103
0.64237103
0.63074394
0.62736079
0.63646619
0.66134869
0.70205489
0.75457087
0.81270831
0.87086131
0.92538964
0.97451217
1.0176388
1.0547619
1.0860839
1.1118597
1.1323882
1.1480927
1.1596513
1.1681577
1.1752782
1.1832641
1.1945499
1.2107153
1.2310055
1.2512662
1.2646952
1.2649343
1.2492025
1.2187215
1.1769778
1.1279242
1.0750248
1.0209704
0.96769911
0.91649648
0.86807004
0.82256914
0.77958758
0.73827257
0.69768302
0.65734822
0.6176745
0.57988438
0.54565823
0.51691859
0.49591653
0.48543859
0.48878976
0.50910646
0.54777087
0.60271616
0.66836201
0.73767919
0.80459079
0.86503798
0.91678177
0.958793
0.99080491
1.0131337
1.0266154
1.03253
1.0325206
1.0285638
1.0230071
1.0186118
1.0184606
1.0255429
1.0419405
1.0677697
1.1001625
1.1329686
1.1585047
1.1711856
1.1698927
1.1572021
1.1372111
1.1139288
1.0905884
1.0694727
1.0518868
1.038114
1.0273457
1.0176605
1.0061679
0.98948526
0.96476507
0.93115824
0.89062749
0.84704898
0.80450776
0.7663224
0.73490442
0.71184268
0.69789023
0.69288423
0.69577227
0.70486935
0.71831781
0.73461735
0.75309719
0.77423718
0.79969274
0.83169345
0.87148533
0.91755242
0.96569377
1.0112965
1.0513879
1.0850609
1.1129055
1.1362812
1.1567434
1.1756581
1.1939916
1.2122586
1.2305933
1.2488753
1.2667998
1.2837427
1.298231
1.3070947
1.3054328
1.2889815
1.2571567
1.2130182
1.1608886
1.1045238
1.0465507
0.98858266
0.93152551
0.87586794
0.82189416
0.76980804
0.71978653
0.67199719
0.62662031
0.58391394
0.54433833
0.50869969
0.47824868
0.45476862
0.44072579
0.43936046
0.45432869
0.48841186
0.54140481
0.60871378
0.68249282
0.75468283
0.81940046
0.87348793
0.91590497
0.94690384
0.9674178
0.97872101
0.98228952
0.97977814
0.9730611
0.96432012
0.95615188
0.9515998
0.95392842
0.96597059
0.98909631
1.0220798
1.0603298
1.0966542
1.1243861
1.1405428
1.1461045
1.14421
1.1384395
1.1319095
1.1269232
1.124847
1.1260602
1.1299555
1.134996
1.1387854
1.1380958
1.1290712
1.1083107
1.0750072
1.0320712
0.98445173
0.93671125
0.89199228
0.85204258
0.81748863
0.78808
0.76292597
0.74078154
0.72038385
0.70078262
0.68159522
0.66316467
0.64668115
0.63435177
0.62954674
0.63647495
0.65874633
0.69706654
0.74801614
0.80555589
0.86384835
0.9189309
0.9687867
1.0127052
1.0506395
1.0827917
1.1094229
1.1308242
1.1473861
1.1597231
1.1688334
1.1762625
1.1841562
1.1949448
1.2104013
1.230181
1.2506099
1.2651143
1.2670816
1.2531913
1.2242306
1.1835065
1.1349736
1.082174
1.0278913
0.97415063
0.92231595
0.87317321
0.82695916
0.78336255
0.7416063
0.70075889
0.66026941
0.62041439
0.58230707
0.54756316
0.51805558
0.49596983
0.48401458
0.48546174
0.50357214
0.54009745
0.59347322
0.65843998
0.72792347
0.79556554
0.8570153
0.90984369
0.95292989
0.98596423
1.0092284
1.0235208
1.030083
1.0305196
1.0267633
1.021109
1.0162661
1.0152977
1.0212568
1.0364153
1.0612146
1.093214
1.1266359
1.1538099
1.1687026
1.1696163
1.1587598
1.1401219
1.1177545
1.0949898
1.0742237
1.0568785
1.0433621
1.0329983
1.0239937
1.0135497
0.99827278
0.97511443
0.94283779
0.90304151
0.85948633
0.81635402
0.77710736
0.74426709
0.71950002
0.70363431
0.69659539
0.69742264
0.70449876
0.71598342
0.73033281
0.74677976
0.76568542
0.78864011
0.81801628
0.85556362
0.90046237
0.94885734
0.99588244
1.0380187
1.0738693
1.1037072
1.128726
1.1504198
1.170162
1.1889701
1.207435
1.2257804
1.2439885
1.2618967
1.2791298
1.2946772
1.3060307
1.3086495
1.2975822
1.2708266
1.2304535
1.1806041
1.1252986
1.0675238
1.009204
0.95147504
0.89498155
0.84010522
0.78710387
0.73617723
0.68749102
0.64119797
0.59749411
0.55673535
0.51958797
0.48713754
0.46095871
0.44324352
0.43695371
0.44569517
0.47281271
0.51946064
0.5826384
0.65529358
0.72899943
0.79690255
0.85492193
0.90139701
0.93623692
0.96020472
0.97448763
0.98050191
0.97983963
0.97428963
0.96590943
0.95713319
0.95085071
0.95030324
0.95859512
0.9777658
1.0076432
1.0448578
1.0828978
1.1144785
1.1351148
1.1445222
1.1452845
1.1409477
1.1348361
1.1295488
1.1267808
1.127255
1.1307056
1.135921
1.1408195
1.1424836
1.1372256
1.1212454
1.092504
1.0525942
1.0060436
0.95777302
0.91147848
0.86938248
0.83248013
0.80080559
0.77366982
0.74992915
0.72830775
0.70773433
0.68762267
0.66805252
0.64988575
0.63491051
0.62603005
0.62721286
0.64256909
0.67427481
0.72061559
0.77632605
0.83517514
0.89230206
0.94488839
0.99171263
1.0324667
1.0672438
1.0962647
1.1197918
1.1381647
1.1519034
1.161852
1.1693449
1.1763271
1.1852316
1.198328
1.2164528
1.2375633
1.2562225
1.2653366
1.2596672
1.2380925
1.2029607
1.1581167
1.1074017
1.0539992
1.0003035
0.94799015
0.89811166
0.85114966
0.80701653
0.76508118
0.72436979
0.68403747
0.64392829
0.60481442
0.56816176
0.53577275
0.50968812
0.49235113
0.48677207
0.49630168
0.5235901
0.5688109
0.62842962
0.6960526
0.76486062
0.82956048
0.8868685
0.9350638
0.97341433
1.0018535
1.0208769
1.0314854
1.0350992
1.0334883
1.0287674
1.023443
1.0204227
1.0228149
1.0333578
1.0534887
1.0822678
1.1155135
1.1461345
1.1668048
1.1735498
1.1669096
1.1503197
1.1280007
1.1037222
1.080368
1.0598537
1.0431049
1.0299998
1.0193058
1.0087075
0.99506263
0.97507856
0.94656302
0.90978104
0.86761672
0.82416891
0.78324826
0.74780375
0.7199358
0.70094913
0.69128388
0.69044019
0.69707812
0.70936667
0.7254972
0.74421088
0.76522252
0.78943766
0.81875089
0.85504457
0.89838403
0.94587776
0.99290937
1.0355754
1.0719735
1.102043
1.1268645
1.1479988
1.167003
1.1851202
1.2031317
1.2213574
1.2397559
1.2580377
1.2756581
1.2915127
1.3032271
1.3065749
1.2966656
1.2711198
1.2316533
1.1823693
1.1274379
1.0700071
1.0120945
0.95484974
0.89887066
0.84446427
0.79182131
0.74110611
0.6924875
0.64615032
0.60233
0.5614024
0.52402228
0.49124996
0.46464179
0.44637584
0.43939268
0.44726879
0.4733371
0.51882419
0.5809425
0.65291738
0.72648125
0.7947392
0.85344658
0.90076865
0.93648721
0.96129114
0.97632993
0.98299899
0.98287503
0.97773368
0.96961991
0.96095344
0.95460587
0.95380025
0.9616401
0.98021388
1.0094755
1.0462396
1.08412
1.1157504
1.1364078
1.1456165
1.1459017
1.1408401
1.1338201
1.1275138
1.1236921
1.1231518
1.1256909
1.1301398
1.134434
1.1356632
1.1301601
1.114149
1.0855596
1.0458855
0.99957832
0.95155624
0.90555644
0.863857
0.82751025
0.79659875
0.77045987
0.74794351
0.72773187
0.70868558
0.69014394
0.67212911
0.65547883
0.64199455
0.63462035
0.63735991
0.65427701
0.68733735
0.73451281
0.79034304
0.84864644
0.90477241
0.95613985
1.0017229
1.0413546
1.075223
1.103606
1.126793
1.145125
1.1591058
1.1695538
1.1777739
1.1856723
1.1956013
1.2096345
1.2282082
1.2486887
1.2651626
1.2706798
1.2608168
1.2353403
1.197072
1.1499162
1.0975639
1.042997
0.98842864
0.93539099
0.8848314
0.83716095
0.79226048
0.74952158
0.70806646
0.66721469
0.62698408
0.58824508
0.55246364
0.52140892
0.49713468
0.4821781
0.47969451
0.49310739
0.52484726
0.57443048
0.63744904
0.70691361
0.77593099
0.8394919
0.89469725
0.9401806
0.97551612
1.0009045
1.017061
1.0251448
1.0266794
1.023508
1.0178167
1.0121977
1.0096454
1.0132984
1.0257729
1.048151
1.0788834
1.1130668
1.1432581
1.1626234
1.1682063
1.1613168
1.145621
1.1252197
1.1036448
1.0835322
1.0665549
1.0533865
1.0436349
1.0357925
1.0272917
1.014794
0.99493748
0.96571981
0.92787727
0.88477257
0.84071825
0.79949134
0.76387789
0.73573681
0.71606879
0.70498985
0.70173597
0.70484044
0.71251285
0.72313129
0.73572963
0.750393
0.76847578
0.79242863
0.82478701
0.86618449
0.91389303
0.9629408
1.0087985
1.0489722
1.0829596
1.111523
1.1359755
1.1576727
1.177714
1.1968248
1.2153831
1.2335337
1.2513144
1.2686946
1.2853662
1.3000637
1.3095379
1.3085941
1.2928006
1.2615721
1.2179219
1.1660555
1.1096334
1.0512606
0.99260724
0.93469428
0.87814912
0.82337869
0.77066354
0.72019937
0.67212012
0.62653904
0.58364292
0.54384531
0.50793018
0.47711795
0.4531291
0.43834172
0.435927
0.44958351
0.48234349
0.53440439
0.60144093
0.67552864
0.74832127
0.81369212
0.86837122
0.9112939
0.94271767
0.96358099
0.97515783
0.97892082
0.97651626
0.96979887
0.96091593
0.95242002
0.94732347
0.94891329
0.96012998
0.98252627
1.0151016
1.0534929
1.0906258
1.1197151
1.1374924
1.1446754
1.1442587
1.1397777
1.134356
1.1303256
1.1290904
1.1310773
1.1357403
1.1416239
1.146433
1.147039
1.1396035
1.1205295
1.0886041
1.0464041
0.99882958
0.95057284
0.90492183
0.86372844
0.82768884
0.79660715
0.76964462
0.7456081
0.72328054
0.7017407
0.68060474
0.66016892
0.64151476
0.62667007
0.61879079
0.62198928
0.64017287
0.67486011
0.72354601
0.78056964
0.83982055
0.89677727
0.94890564
0.99513127
1.0351844
1.0691419
1.0971997
1.1196185
1.1367744
1.1492679
1.1580679
1.1646732
1.171203
1.1801969
1.1938607
1.2127484
1.234394
1.2530137
1.2614901
1.2548949
1.2324857
1.1968454
1.1518949
1.1014605
1.0486761
0.9958782
0.9446816
0.89607003
0.85043477
0.80756724
0.76669923
0.72675425
0.68687893
0.64701242
0.60806681
0.57162782
0.53958413
0.51404841
0.49752873
0.49306289
0.50391828
0.5324799
0.57853492
0.63828904
0.70541643
0.77340803
0.83728961
0.89396307
0.9417499
0.9798745
1.0082067
1.0271993
1.0378397
1.0415583
1.0401514
1.0357722
1.0309681
1.0286657
1.0319341
1.0433818
1.0642249
1.0932339
1.1259279
1.1550615
1.1734579
1.1775216
1.1681594
1.1490192
1.1243885
1.0980192
1.0727413
1.0504047
1.0318666
1.0169352
1.0043097
0.99162963
0.97578274
0.95365895
0.92341735
0.88567882
0.84345193
0.80071777
0.76110951
0.72746967
0.70188161
0.68568306
0.67934241
0.68234209
0.69327374
0.71021854
0.73129969
0.7552253
0.7816858
0.81148209
0.84614761
0.88676605
0.93234546
0.97940768
1.0237045
1.0622734
1.0941223
1.1198217
1.1408285
1.1589088
1.1757105
1.1924747
1.209894
1.2281083
1.2467942
1.265243
1.2822683
1.2957876
1.3022362
1.2969016
1.2763497
1.2409478
1.1943061
1.1408648
1.0842687
1.0269503
0.9702966
0.91496749
0.86120336
0.809071
0.75862437
0.7099798
0.6633319
0.61895625
0.57724621
0.53880992
0.50460454
0.47606006
0.45520575
0.44481043
0.44833435
0.46924852
0.50940232
0.56707888
0.63651331
0.70980762
0.7797252
0.84133541
0.89213987
0.93144178
0.95964206
0.97773505
0.98702928
0.98903728
0.98547001
0.97829417
0.96983014
0.96283992
0.96047719
0.96591384
0.98155445
1.0079835
1.0429076
1.0806816
1.113807
1.136507
1.1472091
1.1479082
1.1421451
1.1335067
1.1249409
1.1185193
1.1153493
1.1155283
1.1181423
1.1213216
1.1223137
1.1175889
1.1033468
1.0770487
1.0393846
0.99430049
0.94675263
0.90078078
0.8589964
0.82275198
0.79238305
0.76740743
0.74674817
0.72903199
0.71294624
0.69758518
0.68271739
0.66896488
0.65795912
0.65250693
0.65652447
0.67408848
0.70726408
0.75410622
0.80917585
0.86631898
0.92098147
0.97074139
1.0147582
1.053045
1.0859425
1.1138402
1.1370856
1.1560188
1.171085
1.1829921
1.1928905
1.2024934
1.2139189
1.2289215
1.2474427
1.2661963
1.2788743
1.2789805
1.2632637
1.2325542
1.1901358
1.1398789
1.0852211
1.0288577
0.9727591
0.91827885
0.86624967
0.81703429
0.77054208
0.72628204
0.68357593
0.64197528
0.60167113
0.56357632
0.52909365
0.49992711
0.47815392
0.46645345
0.46819138
0.48688584
0.52462733
0.57997542
0.64731576
0.71889783
0.78778745
0.84939588
0.90137147
0.94286111
0.97388434
0.99501258
1.0072418
1.011917
1.0106764
1.0054458
0.99849951
0.99254324
0.99068757
0.9961035
1.0112223
1.0366212
1.0699326
1.1054108
1.1354443
1.1540912
1.1596495
1.154163
1.1413845
1.1251625
1.1086885
1.0942592
1.0832099
1.0758621
1.0714664
1.0681863
1.0631769
1.0528687
1.0337713
1.0040535
0.96499739
0.92053919
0.87524589
0.8328418
0.79587539
0.7658474
0.743331
0.72803475
0.718919
0.71445174
0.71299578
0.71325086
0.71466664
0.7177754
0.72441065
0.73766158
0.76107976
0.79667391
0.84278722
0.8943936
0.94586254
0.99331089
1.0350843
1.0711282
1.1021964
1.1292701
1.1532298
1.1747305
1.1942165
1.2120221
1.2285086
1.2441972
1.259799
1.2758985
1.2919496
1.3048484
1.3089003
1.2987746
1.2728768
1.2334312
1.184282
1.1291186
1.0708211
1.0114504
0.95243225
0.89473827
0.83901305
0.7856491
0.7348288
0.68656097
0.64075758
0.59740104
0.55677334
0.51959698
0.48701639
0.46058502
0.44241108
0.43538127
0.44314586
0.46931288
0.51543062
0.57867604
0.65175973
0.72588721
0.79404316
0.85219797
0.8987989
0.9338128
0.95799468
0.97249491
0.97870051
0.97818679
0.97272329
0.96433422
0.95540943
0.94880739
0.9477922
0.9555676
0.97430811
1.0039443
1.0411688
1.0795208
1.1117254
1.1332055
1.1435217
1.1451326
1.1415266
1.1360189
1.1312228
1.1288586
1.1296852
1.133485
1.139103
1.1445153
1.1468507
1.1424296
1.1273708
1.0994479
1.0600602
1.0136612
0.96521127
0.91848168
0.87576042
0.83809115
0.80554666
0.77747304
0.75275938
0.73015601
0.70860497
0.68751536
0.66694108
0.64769307
0.63147859
0.6210951
0.62042823
0.63365238
0.66328062
0.70810688
0.76320004
0.82229554
0.88026432
0.93399218
0.9820345
1.0239428
1.0597308
1.0895779
1.113726
1.1325041
1.1464233
1.1563132
1.1634842
1.1698576
1.1778854
1.189987
1.207375
1.2286071
1.2488117
1.2609271
1.2590356
1.2411233
1.2089818
1.1663194
1.1170808
1.0646282
1.0115297
0.95960486
0.91002101
0.86335087
0.81957422
0.77808833
0.73787711
0.69796279
0.65800483
0.61863228
0.58126553
0.54771771
0.52001675
0.50052629
0.49212968
0.49810834
0.52129365
0.56243429
0.61879471
0.68455709
0.75299582
0.8185611
0.87761527
0.92812324
0.96909319
1.0002297
1.0218277
1.0347325
1.0402564
1.0400923
1.0362833
1.0312546
1.0278312
1.0290886
1.0378653
1.05591
1.082836
1.1151707
1.1463039
1.1686319
1.1772379
1.1717888
1.1553535
1.132189
1.1062664
1.0806994
1.057628
1.038207
1.0225621
1.0097222
0.99762043
0.98330497
0.96353612
0.93592077
0.9002579
0.85895413
0.81588945
0.77490241
0.73908411
0.71073222
0.69140216
0.68182307
0.6817634
0.69005131
0.70487437
0.7242956
0.74681278
0.77181109
0.79979585
0.83221436
0.87054202
0.91464895
0.96176024
1.0075699
1.0484904
1.0828558
1.1107713
1.1334537
1.1526016
1.1699186
1.186782
1.2040576
1.22206
1.2406251
1.2592095
1.2768753
1.2919853
1.3015881
1.3012069
1.2865242
1.2563645
1.2133915
1.1619923
1.1061942
1.0488674
0.99174981
0.93573984
0.8812164
0.82830747
0.7770778
0.72762858
0.68012817
0.63481479
0.59201973
0.55224612
0.51629794
0.48540921
0.46136019
0.44662061
0.44441875
0.45836643
0.4911908
0.54273231
0.60866235